93969.435738
78584.705531
70056.925548
64343.607301
59314.889794
54598.476087
50992.096595
46997.999289
43682.538101
40436.457587
37590.136547
35043.378582
32583.847280
30366.029652
28401.938756
25863.269674
24284.528608
22421.161395
21019.693618
19503.562300
17800.957178
16904.641966
15159.822692
13961.654129
13278.327464
12120.450071
11107.071984
9659.283184
8870.695716
7912.847762
7447.520147
6743.923799
5937.739437
5540.081731
5126.068925
4567.828246
4315.415149
3486.561904
3264.981757
3011.263068
2744.049780
2492.178203
2517.124951
2187.138525
2127.309620
1943.779718
1875.883339
1736.369216
1697.886949
1662.468548
1517.472531
1388.337827
1296.952127
1290.091371
1210.101809
1200.062347
1169.969249
1067.280325
1060.852237
1000.163662
972.009232
920.837464
879.285484
876.794731
823.974954
801.919146
764.313243
759.481026
720.150292
743.217356
686.637397
677.531810
670.135979
638.779148
604.042120
614.396511
581.301851
560.328352
531.235405
506.051353
537.349558
524.614498
493.599807
479.010979
469.384913
486.574003
466.533439
444.057656
444.992398
428.395405
430.357490
415.031937
413.953908
404.841485
374.510947
371.710892
363.929910
376.962139
364.102085
345.177754
320.793030
336.972656
345.274650
309.140633
305.643644
305.134276
317.499591
312.878796
288.950660
280.863095
296.402543
291.154068
259.542231
267.417164
271.810424
271.844949
257.435522
259.633893
261.271194
269.069150
238.007684
227.454192
250.344740
250.442508
211.050047
241.025887
223.311687
234.181633
225.935037
206.821649
217.591477
219.033479
214.182653
190.706534
197.374555
198.586705
199.975340
203.451775
185.463926
191.018533
194.738661
181.515516
186.428882
170.951612
174.014078
176.508574
164.235299
172.872294
177.870496
172.661571
171.932639
153.596952
163.542012
149.673282
162.471568
153.993827
167.795870
155.177040
154.162916
144.931414
152.787515
139.807102
136.986776
145.028990
140.951446
143.562282
134.588612
127.656210
148.355681
144.454333
128.989988
141.092055
138.070903
121.020302
131.642058
123.197598
132.360909
115.361140
120.830268
118.531939
119.560104
123.417449
122.738146
119.627933
115.945967
109.456999
109.586322
128.127011
115.405150
103.861436
113.621092
113.238240
109.955447
118.540388
107.584027
110.196003
106.529394
105.337459
108.923004
103.910574
99.367649
100.504699
109.186810
107.790778
99.150627
89.995019
89.016517
96.671858
97.134352
94.630519
90.269918
102.201498
89.445424
89.287219
93.457828
95.982361
87.265361
88.825282
99.058474
80.794970
95.976495
79.757356
75.844280
78.132933
89.120406
85.515312
88.332368
88.526611
84.217632
75.921617
76.496386
83.214261
79.952842
82.866719
77.251152
77.042333
77.822788
75.075342
76.128759
70.483208
75.556903
76.240299
76.595625
76.333110
71.544869
70.439000
77.014521
72.698081
68.363679
67.171813
70.947028
63.260365
64.400231
72.218962
63.314572
77.648109
70.246570
66.355226
72.193742
67.747298
71.631981
66.004028
64.509263
70.149775
60.398872
65.800116
58.960548
69.934128
67.334164
67.649230
60.912860
62.255115
63.926145
68.830265
65.512368
69.839463
60.180155
62.866859
61.701120
63.243659
64.757795
62.589077
56.632114
55.034079
69.927861
63.537634
58.328403
63.224717
55.953029
56.990572
55.832456
63.132445
63.247202
58.394188
61.357407
56.363612
62.214253
61.313681
58.299186
58.770436
57.978825
57.620456
55.570744
56.961983
47.668720
56.964972
57.014891
52.709460
56.218779
50.133650
47.790936
52.752170
49.221326
49.918539
49.878259
53.545544
56.089293
51.310545
51.776809
49.265408
53.929923
57.167936
54.125971
56.603650
51.169992
52.061711
43.844344
53.094294
52.026825
56.439490
52.145588
41.667982
49.695263
54.651314
53.439580
42.704670
50.601382
44.026958
51.905003
49.822015
44.669095
48.510389
47.898645
44.432951
44.054817
49.121566
43.204497
47.098783
44.969233
48.057787
47.513982
42.795445
45.137326
45.046713
41.999547
43.039795
44.657234
52.073967
41.614143
41.836176
46.240851
47.183008
42.113283
45.518986
43.046017
45.141498
38.669641
40.746171
48.329471
40.923469
46.123433
36.254829
37.332639
40.419125
45.669737
47.910199
41.869428
37.575130
38.898764
38.351963
41.770223
36.474166
38.962059
46.035397
39.593085
39.177980
36.064599
43.853977
41.297416
39.429884
41.048153
40.380277
42.525352
41.068334
39.892442
45.226654
41.812026
45.678627
37.447662
37.342427
39.160816
36.670427
39.830330
42.446423
35.123620
40.458723
36.450281
37.280992
38.753464
39.578194
38.011470
35.429322
41.242345
35.374407
47.334051
42.682226
33.590632
36.622940
38.682674
36.814681
33.089450
32.916521
38.128866
41.760067
35.656263
34.925953
35.173729
44.349713
32.026022
38.919082
33.458523
34.544780
36.008300
35.451078
31.045425
32.407930
33.757896
36.398410
32.270167
29.449071
32.141283
37.137249
36.192091
35.704077
32.181167
32.173235
27.438408
29.870505
35.306906
28.874822
33.616341
31.982708
28.664768
29.344847
35.749971
31.052992
34.575108
25.831837
34.582425
36.228853
36.933393
28.237529
28.204354
30.857395
36.010107
34.148530
34.758449
36.795579
29.085134
31.095716
33.321367
29.387184
32.495418
29.734353
31.633791
30.427237
30.140725
28.075381
29.402974
32.716341
32.036435
27.125972
26.992630
27.013878
26.539699
38.366629
28.722678
28.831746
29.679919
27.532789
32.718212
30.322528
25.670252
27.528916
30.687354
29.554546
27.720432
28.753961
21.522219
25.147822
28.599360
29.227956
26.573479
32.412093
30.870626
25.272143
26.687146
25.256087
27.867489
25.942733
26.333585
22.554151
21.945032
27.823717
31.871742
30.281625
26.264069
28.876427
29.577624
34.904436
27.174619
30.507726
25.497233
27.512624
26.375953
29.502393
26.731442
27.007757
23.330571
29.927350
25.425134
30.767115
23.909436
25.604283
28.072833
31.906195
22.421957
24.593506
23.076596
26.024821
23.943146
26.371891
26.362567
21.900311
25.259092
21.385093
26.931518
26.211604
25.949007
25.836010
26.506983
26.182352
26.829989
24.763718
28.522180
24.875197
25.829634
27.141088
28.683848
21.207376
26.967163
22.199951
28.301423
21.935808
26.396360
25.684615
22.055054
22.558282
26.146461
29.078407
29.318722
29.970228
22.900435
21.893908
25.630595
21.938306
25.035363
26.450363
32.371013
25.321392
22.929690
20.986665
20.696170
24.065226
22.865986
24.607272
24.423543
27.284459
25.999455
26.058449
23.333644
21.846843
24.252707
20.241786
20.109263
20.422268
25.293770
19.144101
22.652126
20.978855
26.833355
22.100277
27.554847
23.505011
21.602670
25.930444
20.661095
24.356780
23.405829
24.064382
20.368061
22.117839
24.475211
23.707155
20.843037
24.431444
20.605271
20.083568
20.898967
21.510004
23.040864
19.357551
24.655046
20.510568
26.855370
25.284279
19.235379
20.728357
18.885786
25.609179
23.226176
17.733358
18.888085
23.871549
22.329675
22.471993
24.579991
20.235994
27.415421
22.515798
22.593364
19.278617
22.803352
17.307442
24.430617
21.250437
18.069056
25.009813
20.751613
21.378138
23.942918
17.509916
24.045209
29.119423
20.855390
22.106726
20.137659
19.187283
25.542967
18.362832
19.531480
23.496491
13.692279
18.068709
19.875020
22.341721
20.726430
17.133867
17.177021
24.917545
23.491772
18.526171
18.714483
19.963890
22.025664
19.138458
21.757416
19.522980
21.263239
17.768479
17.463711
23.624968
19.920542
18.498181
22.279541
19.825814
20.827860
21.776233
20.099137
22.389709
20.700072
17.754648
24.412043
19.543485
19.415875
20.403033
21.441941
18.954271
20.117400
19.069518
19.730130
22.527563
17.218587
18.780165
19.160984
20.789167
22.792939
21.182144
22.434724
24.895624
20.222213
19.349250
17.461503
18.681367
22.586042
22.581833
17.657512
19.482167
16.475466
22.287307
18.555711
16.326850
19.495888
18.464634
18.667703
19.597665
13.989042
14.458307
13.876705
19.922923
16.495406
23.656401
17.575425
19.635337
15.178472
21.345710
19.907242
18.629675
18.725328
17.930038
17.997324
17.098690
16.594776
19.177620
18.189551
15.947945
21.858650
18.821095
15.944840
16.309188
19.116712
15.472946
19.315763
23.954138
18.717155
18.622936
17.302879
18.051752
17.603170
17.675280
17.220922
17.451057
21.252880
16.757216
14.947755
16.889240
14.639804
18.877716
21.009003
18.705799
19.040558
19.142955
20.513880
22.070984
16.486588
14.834871
20.580567
18.725168
16.753160
17.967450
17.523542
14.416919
17.037614
15.980667
19.367913
13.902798
16.230283
17.338010
14.777895
13.996498
18.632761
13.011690
16.443144
17.941960
15.902063
16.294695
18.774315
18.529202
14.434866
18.002247
14.381410
19.378951
16.460678
17.422577
16.733809
15.891219
14.386295
15.511243
15.262624
16.904867
24.057452
18.705702
13.174787
12.583675
13.837743
18.293924
22.501977
13.063384
20.925463
18.849647
14.515890
13.354599
17.936054
17.932914
17.964148
14.165127
15.899870
16.399862
12.003823
19.278992
17.135361
19.104486
13.229317
13.929826
18.520041
19.917896
19.789735
17.583920
14.365384
17.528444
17.910641
20.837388
14.772025
15.720905
16.242737
20.248639
16.394960
17.566922
14.333259
19.426139
14.740840
13.800491
16.471247
13.651657
12.203597
14.455998
19.668084
17.552779
17.410638
17.293234
16.839462
15.937254
14.620469
15.099484
13.994734
15.062404
17.802155
16.903923
17.042830
16.144538
17.598124
15.729345
17.492110
16.480267
16.973399
15.617728
16.693690
18.284933
16.160922
17.834037
16.597419
15.704226
15.015338
18.814657
14.377560
12.347575
15.483513
18.209223
14.058839
13.630408
14.157419
14.667278
13.575088
10.697082
16.705738
15.477123
13.866964
19.660854
15.359850
15.755573
18.750625
15.119768
13.513105
13.698851
15.135450
12.664625
17.172117
17.106227
15.989736
19.865194
13.333193
17.200161
14.015947
17.549850
19.715534
14.460839
15.572576
15.383322
17.105175
16.228592
14.688038
14.594789
12.241082
15.219043
16.851527
12.552044
13.659682
18.849448
11.679896
13.494839
13.660708
13.736739
18.243919
10.413736
13.496646
13.593499
17.076402
16.569130
13.417428
13.635739
13.452552
17.057509
14.249223
12.884217
14.008357
13.885071
14.967372
15.160862
12.788320
16.906195
17.282446
15.097792
13.168510
17.576500
12.175409
17.274860
18.274825
13.037775
14.720088
10.730687
16.700199
13.827382
14.697259
16.613113
14.897443
16.785451
14.467442
14.006632
13.737421
14.200319
14.127492
14.339108
20.085730
14.381547
13.273639
14.673884
17.669175
10.025284
17.519795
14.380533
12.990148
16.863277
11.575293
12.845973
14.308596
15.479425
14.407712
14.762389
11.620151
11.252873
13.962144
19.013656
12.597045
19.918535
17.651009
13.620700
13.438773
18.229549
13.720078
14.731819
