395150.521095
366842.772131
357442.113572
338046.595468
332708.332030
317409.330132
310846.934829
307662.474897
296412.400331
299521.656958
296981.163247
293959.386721
287982.886839
280942.705464
288339.141124
280855.976043
276716.199770
274795.296235
269229.276089
274048.170020
269571.776084
263423.497266
263429.021145
264238.827183
259407.128544
259738.614389
259626.340954
259791.721105
259690.681660
253014.799181
248818.359679
252932.826426
248037.519670
248211.816200
244503.146541
244525.183452
244539.500574
240440.565652
236244.218706
240662.498554
236841.369510
235510.480198
228324.522259
231815.883987
228884.539934
231499.193181
226318.063575
226940.995827
221666.903138
219126.981216
217966.206598
217749.123565
215831.432944
213975.007490
212882.182422
210428.118861
206500.778646
208079.448419
206955.179809
207573.162201
203349.438465
202226.294195
198820.968424
198969.923053
195780.430770
191510.804007
190544.572978
194063.949085
187050.006109
190095.484965
175709.712413
182828.670167
180268.339183
165542.106453
167959.560046
187521.970532
195999.592635
195490.544081
191511.316959
196269.959331
204773.389890
205816.402757
201962.427202
200618.645208
195699.637587
201126.211704
200306.113900
198406.597812
203643.682050
207857.408711
207371.305045
202597.287742
203374.179279
198389.535162
199863.613425
199095.763977
193285.507103
190165.587646
193757.765914
187782.948998
183731.896035
185034.382277
185346.005499
186977.706301
180763.119093
169799.202148
163349.720850
177010.544701
159336.229335
169328.461901
147530.555218
155754.084525
179940.234454
187194.071013
187633.871197
181213.207523
173535.473129
183791.457864
187844.403333
177608.248036
179128.560895
184294.871087
187818.819207
189557.536128
183335.855122
166534.803663
183745.711577
188348.070389
182306.575421
185334.656670
179658.502921
173891.917166
171099.270758
174159.109714
176327.687997
165928.098083
181678.261846
165493.229792
174336.642731
171729.376148
158754.298346
165222.317081
152717.691339
165592.734371
159765.721973
153635.375339
153950.018960
144470.440823
160878.678492
145932.809244
128812.733962
149653.135401
152473.725698
136493.413054
147713.856505
164360.960987
146479.742049
153819.148739
141319.399436
134109.412775
151920.838668
143014.542090
144953.685336
152180.837529
144940.842978
144914.211169
141685.154373
127204.704424
147922.343291
146000.680291
129273.830945
137782.380214
138089.873665
127338.151257
116321.504796
153073.186790
129076.701177
132699.329788
130088.959915
135938.216341
139028.233494
132905.163144
130725.668998
135948.397225
125723.858838
115280.545114
113689.028728
121107.891377
114477.741774
133764.489357
136093.556560
126348.620327
124636.243560
144890.221258
138131.547469
112646.868750
132992.267986
139919.369907
131474.250783
107241.220709
124330.721735
122044.813463
136238.831008
124628.859455
106666.717099
111300.856874
116425.960263
136629.446267
116368.322478
124100.987947
107470.030883
119982.099718
108062.732274
129605.339229
126374.723643
124982.359149
120037.853579
124448.877969
136222.939487
118605.525334
128300.892179
114047.111779
111925.408545
106532.053263
126544.630597
114186.873772
121332.127400
105531.788819
102180.230382
115935.616396
118062.036380
116590.263978
130171.789074
129256.388289
115254.761893
129755.098855
106813.610668
91555.379186
116807.569594
115382.719725
114014.234206
98020.879149
113420.975371
113860.619470
126588.794445
125119.581888
115183.180936
112212.995166
106988.992549
115049.645713
100096.349370
97018.320221
111609.638280
100163.481112
105555.833438
108775.120579
123909.367935
102921.874321
96246.777033
91350.896131
105754.217308
110442.042784
109164.682234
104761.376450
113457.131664
90754.557893
102050.602941
118601.469693
92850.263887
103635.495796
95208.646895
115132.118306
102959.402041
116810.535469
106420.584753
128420.051066
106316.165902
103284.635871
91596.452469
101036.936045
106519.609996
91564.517671
120644.750282
114238.902768
109008.790059
104691.145315
110472.724764
103936.115058
95311.439997
107748.886435
10204.383134
2120.607570
2052.308847
1989.741087
1911.922150
1795.221983
1747.715793
1837.575209
1699.048858
1681.383778
1639.314158
1625.989962
1653.267767
1581.320099
1601.226227
1568.734078
1565.236687
1483.356715
1430.430418
1414.545996
1460.032886
1362.834363
1385.687881
1290.154279
1359.679420
1336.519884
1348.891595
1267.819508
1235.201489
1271.995880
1262.754823
1195.703316
1229.806959
1206.132755
1207.505168
1251.198079
1196.616456
1177.616073
1171.073147
1131.072692
1161.656498
1137.715069
1121.384084
1087.633965
1120.005926
1127.976315
1107.096776
1078.735728
1065.796226
1044.063195
1052.327586
1065.696002
1011.339810
1028.986237
1021.254617
1068.303257
1030.850094
1029.606075
1022.297136
1016.653175
1004.747140
982.972504
967.470585
1002.063838
1021.241823
973.431924
985.951984
938.909569
956.854598
1001.220936
949.076887
920.663206
921.679835
916.507711
892.063038
932.487547
833.294226
903.789479
899.437722
919.307906
924.591496
849.478307
859.074842
905.990802
861.981883
872.617707
848.414044
889.360641
891.206383
861.023912
837.767232
886.923960
821.746426
858.181839
812.033231
804.858139
823.505869
816.528265
806.182717
830.248758
840.189250
830.383262
815.105655
876.172087
816.112769
788.307404
818.036758
824.720662
806.591524
785.760432
795.788921
758.131497
774.788758
825.230283
775.478200
755.262720
780.161272
742.771043
765.694274
740.554138
745.568229
765.351100
745.264576
759.904569
696.643971
753.984622
762.264558
711.757917
764.366759
733.602642
709.760920
726.579209
751.284400
742.014535
712.408258
693.375021
739.256643
677.892040
692.706141
679.138154
676.123238
680.387868
677.988319
691.408929
690.888525
688.508977
679.856549
698.655181
649.138570
663.294230
652.532396
635.729507
645.587419
650.146991
665.796954
653.386876
664.111232
678.104173
653.815203
661.533200
677.629941
616.736243
666.335003
652.961629
622.164458
626.142777
675.633172
652.586579
605.921610
606.204278
606.654995
630.471991
598.636717
633.873221
623.352180
618.849302
629.565201
613.812179
627.813141
599.441324
603.861290
585.783757
627.009389
605.463729
579.042171
591.627732
606.204917
608.114587
578.798782
627.380009
560.425520
582.599883
600.538570
550.388449
583.264487
594.609253
581.857478
562.391473
602.959028
587.323319
582.420669
574.626903
578.205559
567.382408
548.349360
575.674144
554.447587
582.080462
559.880286
521.917743
555.750771
543.690123
536.621776
529.857098
562.815319
555.860846
554.076847
553.359857
520.897291
532.093652
554.079490
529.626259
519.539604
531.891242
532.865895
541.712517
535.783031
521.275115
523.548570
545.733694
550.364744
533.188942
553.660028
525.326174
518.331442
507.498704
513.395308
505.258977
507.270948
505.859663
527.805776
493.400335
528.966995
491.499943
510.039882
486.758002
488.697007
520.127376
474.804193
514.042363
511.869625
488.956614
486.240628
506.928159
507.467965
491.002626
491.358091
483.085510
498.968717
468.443721
493.657602
497.809574
444.937566
498.471997
487.437756
455.360400
480.102835
460.111396
486.387453
494.956796
474.042743
474.814416
459.881164
469.121306
462.972267
458.893772
467.166707
470.116760
480.851443
475.289640
475.379535
459.195898
480.638960
439.324916
442.723725
446.820989
449.836300
446.466994
452.659010
431.741294
455.269840
435.407843
430.253063
451.691168
437.277113
451.281727
427.168517
424.099635
430.446623
452.041905
456.017864
452.891116
435.223668
434.152521
426.928902
439.801843
449.022844
429.817192
415.386147
419.507640
431.764003
435.150042
413.678054
418.414476
435.671897
437.887600
424.658211
433.295353
438.249966
423.790236
395.204381
401.177770
409.324740
418.008825
402.320855
429.196903
400.052423
400.635031
404.862333
414.395561
414.182102
406.474202
429.292774
399.940170
391.979651
412.534859
415.801713
414.165880
412.600654
412.600584
416.134417
391.843332
377.756919
417.789859
412.791815
388.684069
385.098052
394.879520
396.137876
390.794493
417.277799
413.475849
396.489009
382.896146
358.910840
384.502922
349.153022
395.983615
375.491728
381.850619
366.433124
381.358887
361.327544
382.860382
392.024302
381.394061
367.193885
385.162763
380.554711
392.530266
373.362897
405.574498
356.919398
356.726696
363.789744
369.484902
380.401007
357.405748
378.071039
356.492370
363.584941
367.124128
365.905450
375.985466
372.956172
357.090079
376.693795
394.901555
354.203006
358.205986
367.917405
355.428136
354.061400
342.289571
336.008460
366.451008
375.796172
374.739634
349.232057
366.024869
374.964940
348.990953
344.595337
333.319116
349.758726
334.116979
353.404465
340.130063
355.636587
335.908582
322.576172
375.884200
353.550786
332.268861
343.381382
350.817954
357.688688
338.145653
334.253076
371.663677
348.435793
349.373825
358.587825
359.466779
319.264976
323.747225
330.808007
313.498710
310.684269
332.585004
330.612768
331.048935
331.814313
347.116021
348.455093
322.489322
320.770733
341.708028
328.347040
350.091571
327.026835
345.102764
334.899406
337.199346
328.370465
330.910764
328.216782
339.991311
334.818633
320.383039
313.677982
322.556950
339.814378
329.949630
334.826026
339.352689
322.295333
320.440803
349.371463
294.162434
311.007784
325.370727
308.838899
321.523957
310.860554
332.391574
319.426307
310.647359
301.099251
326.935827
298.073540
292.273818
323.732807
312.221493
297.613628
303.155104
291.332669
293.896353
292.652184
295.759499
296.752562
297.212357
298.591312
303.241490
295.136644
311.178774
287.958089
296.721696
325.982576
309.271833
292.122256
302.619219
275.582809
290.593738
303.065498
305.601004
287.286194
293.609064
295.732975
278.185530
290.144796
306.275245
284.965236
308.187936
264.142461
279.627561
306.673413
300.432820
284.943182
300.978425
286.498512
304.213347
288.901811
295.121721
309.917377
285.590112
280.680322
287.334558
280.726938
285.529761
279.754490
286.113931
273.947178
279.552317
299.884465
267.884264
302.497267
299.495211
272.484252
278.987478
290.125250
264.818970
284.202387
270.450909
294.314117
293.630914
300.746277
259.933806
305.908432
279.290508
297.751144
268.170837
276.828547
303.174037
292.570684
279.312253
269.279641
264.657397
285.228100
263.712631
264.415024
256.070799
243.436761
286.359379
264.607589
267.227934
250.994488
254.976257
254.766750
288.819985
245.728722
297.133831
263.416251
280.660473
245.364682
271.179124
264.162928
279.373493
265.150996
249.644036
247.433388
238.636327
269.879453
269.828834
267.327200
267.389214
264.543494
269.729845
242.683796
270.848538
251.214239
289.237238
284.809173
244.641389
257.581186
246.456519
259.553406
237.364227
263.697168
255.409724
236.399662
247.092097
269.761077
263.968702
264.432393
238.449047
247.536489
258.635403
257.627810
258.372934
235.469171
236.992684
242.976135
264.382935
254.944804
248.153821
236.754223
272.340894
260.673244
251.114604
262.194523
244.661523
264.937915
247.937491
244.382835
255.555937
253.329304
237.144513
243.796269
235.503448
237.991294
241.139949
243.473379
245.894930
228.005743
230.613183
227.107716
268.609976
245.642939
246.466164
245.024592
233.561620
248.363631
243.975374
231.975988
248.239259
237.523167
259.020996
233.790351
221.042930
269.435174
238.155020
250.043508
252.707733
231.805275
260.415388
239.770955
228.870112
234.959692
224.880141
236.505622
244.281108
225.635860
218.396818
252.887307
221.091425
233.435457
248.954302
222.892629
236.725038
239.701082
232.784104
240.276424
238.742736
220.092040
217.416022
226.719150
263.323179
243.957750
216.447572
220.189639
263.242036
213.029341
226.118135
229.211892
206.186444
215.260311
216.813243
220.194942
240.490696
210.408094
237.036851
243.547507
232.669553
220.226802
242.178930
239.750344
208.338830
226.636148
216.930649
234.393958
218.715896
214.923085
211.701401
229.526572
218.464248
213.518468
208.174900
219.410067
215.572685
224.672608
218.501978
232.824198
219.682138
233.892425
240.107604
214.632400
227.786087
221.659868
225.631267
